


100 27
set([0, 3, 7, 8, 14, 18, 25, 26, 28, 30, 34, 39, 40, 42, 45, 51, 60, 63, 67, 77, 80, 81, 83, 87, 89, 93, 94]) 27
set([0, 1, 4, 5, 10, 18, 19, 21, 25, 26, 27, 31, 32, 37, 41, 42, 43, 63, 67, 75, 77, 79, 80, 87, 89, 91, 94]) 27
set([0, 1, 4, 5, 10, 18, 19, 21, 25, 26, 27, 31, 32, 37, 41, 42, 43, 63, 75, 76, 77, 79, 87, 89, 91, 94, 95]) 27
set([0, 1, 3, 12, 13, 14, 17, 18, 19, 21, 27, 33, 38, 39, 42, 43, 45, 50, 55, 58, 61, 62, 73, 76, 77, 89, 90]) 27
set([1, 4, 12, 13, 17, 19, 21, 27, 30, 32, 41, 44, 46, 48, 50, 53, 56, 58, 61, 62, 65, 69, 70, 72, 89, 90, 95]) 27
set([1, 4, 5, 10, 18, 19, 21, 25, 26, 27, 29, 30, 31, 32, 41, 42, 43, 63, 67, 75, 77, 79, 80, 87, 89, 91, 94]) 27
set([1, 4, 5, 10, 18, 19, 21, 25, 26, 27, 29, 32, 37, 41, 42, 43, 50, 63, 75, 76, 77, 79, 87, 89, 91, 94, 95]) 27
set([3, 7, 8, 14, 15, 18, 25, 26, 29, 30, 34, 39, 40, 42, 49, 51, 60, 63, 67, 79, 80, 81, 83, 87, 89, 93, 94]) 27
set([3, 7, 8, 14, 18, 25, 26, 28, 29, 30, 34, 39, 40, 42, 45, 51, 60, 63, 69, 77, 80, 81, 83, 87, 89, 93, 94]) 27

110 29 all!
set([1, 6, 7, 10, 12, 15, 20, 23, 27, 28, 31, 40, 43, 44, 60, 69, 70, 73, 74, 83, 85, 88, 89, 91, 99, 104, 105, 108, 109]) 29
set([0, 2, 3, 4, 16, 26, 28, 34, 36, 37, 47, 50, 54, 61, 62, 63, 64, 65, 66, 68, 75, 76, 77, 93, 94, 100, 101, 103, 106]) 29
set([0, 2, 3, 4, 26, 28, 34, 36, 37, 47, 50, 54, 61, 62, 63, 64, 65, 66, 68, 75, 76, 77, 80, 93, 94, 100, 101, 103, 106]) 29
set([3, 12, 27, 28, 30, 33, 34, 35, 36, 43, 47, 50, 51, 61, 62, 64, 72, 74, 75, 76, 77, 80, 82, 92, 94, 100, 101, 103, 106]) 29
set([3, 4, 12, 27, 28, 30, 34, 35, 36, 43, 47, 50, 51, 61, 62, 63, 64, 72, 75, 76, 77, 80, 82, 87, 94, 100, 101, 103, 106]) 29
set([3, 4, 12, 22, 27, 28, 30, 33, 34, 35, 36, 43, 47, 50, 51, 61, 62, 64, 72, 75, 76, 77, 80, 82, 92, 94, 100, 101, 103]) 29
set([4, 5, 6, 9, 16, 26, 34, 37, 42, 43, 47, 50, 58, 61, 62, 64, 66, 67, 72, 73, 77, 79, 83, 88, 92, 93, 101, 102, 103]) 29

120 30
set([0, 68, 86, 7, 24, 19, 46, 22, 88, 25, 111, 5, 93, 94, 95, 34, 35, 38, 39, 104, 107, 44, 110, 47, 112, 113, 50, 115, 53, 118]) 30
set([0, 5, 19, 22, 24, 25, 34, 35, 38, 39, 44, 46, 47, 50, 53, 68, 86, 88, 93, 94, 95, 104, 107, 109, 110, 111, 112, 113, 115, 118]) 30
set([0, 5, 19, 22, 24, 25, 34, 35, 38, 39, 44, 45, 46, 47, 53, 68, 86, 88, 93, 94, 95, 104, 107, 109, 110, 111, 112, 113, 115, 118]) 30
set([0, 15, 19, 22, 24, 25, 34, 35, 38, 39, 44, 45, 46, 53, 54, 68, 86, 88, 93, 94, 95, 104, 107, 109, 110, 111, 112, 113, 115, 118]) 30
set([0, 1, 2, 4, 71, 9, 74, 76, 14, 15, 16, 18, 22, 90, 27, 28, 29, 30, 97, 36, 102, 38, 103, 80, 41, 106, 108, 46, 52, 57]) 30
set([0, 1, 2, 4, 9, 14, 15, 16, 18, 22, 27, 29, 30, 38, 41, 46, 52, 57, 71, 74, 76, 80, 90, 97, 102, 103, 106, 108, 114, 118]) 30
set([0, 7, 15, 19, 22, 24, 25, 35, 38, 39, 44, 45, 46, 53, 54, 68, 86, 88, 89, 93, 94, 95, 104, 107, 110, 111, 112, 113, 115, 118]) 30
set([0, 68, 5, 7, 111, 88, 19, 84, 110, 22, 89, 24, 25, 27, 86, 94, 95, 35, 36, 38, 103, 104, 107, 44, 45, 46, 47, 112, 113, 115]) 30
set([0, 5, 7, 19, 22, 24, 25, 27, 35, 38, 44, 45, 46, 47, 68, 86, 88, 89, 93, 94, 95, 103, 104, 107, 110, 111, 112, 113, 115, 118]) 30
set([0, 5, 7, 19, 22, 24, 25, 27, 35, 38, 44, 46, 47, 50, 53, 68, 86, 88, 89, 93, 94, 95, 104, 107, 110, 111, 112, 113, 115, 118]) 30
set([0, 6, 71, 72, 77, 109, 80, 24, 19, 90, 110, 22, 88, 26, 91, 93, 30, 16, 35, 38, 103, 104, 41, 44, 45, 46, 47, 27, 115, 118]) 30
set([0, 64, 2, 3, 4, 5, 70, 13, 14, 18, 107, 86, 87, 89, 96, 33, 36, 37, 49, 105, 42, 39, 109, 112, 113, 50, 116, 54, 61, 62]) 30
set([0, 1, 2, 3, 4, 9, 14, 15, 16, 18, 22, 27, 28, 29, 30, 41, 46, 52, 57, 74, 76, 80, 85, 90, 97, 102, 103, 106, 108, 114]) 30
set([1, 3, 4, 9, 14, 15, 16, 17, 18, 23, 27, 28, 29, 30, 32, 41, 46, 52, 57, 65, 67, 74, 85, 90, 97, 102, 103, 106, 108, 114]) 30
set([1, 3, 4, 9, 14, 16, 17, 18, 23, 27, 28, 29, 30, 32, 41, 46, 52, 57, 65, 67, 72, 74, 85, 90, 97, 102, 103, 106, 108, 114]) 30
set([1, 6, 9, 16, 17, 22, 23, 24, 27, 28, 29, 30, 38, 41, 44, 46, 52, 55, 57, 67, 71, 72, 77, 78, 90, 97, 102, 103, 108, 114]) 30
set([1, 4, 6, 9, 16, 17, 22, 23, 24, 27, 28, 29, 30, 38, 41, 44, 46, 52, 55, 57, 67, 72, 78, 79, 90, 97, 102, 103, 108, 114]) 30
set([1, 6, 9, 16, 17, 18, 23, 24, 27, 28, 29, 30, 32, 38, 41, 46, 52, 55, 57, 67, 71, 72, 77, 78, 90, 97, 102, 103, 108, 114]) 30
set([1, 6, 9, 14, 16, 17, 18, 23, 27, 28, 29, 30, 32, 41, 46, 52, 55, 57, 65, 67, 71, 72, 77, 78, 90, 97, 102, 103, 108, 114]) 30
set([1, 4, 6, 9, 16, 17, 18, 23, 24, 27, 28, 29, 30, 32, 38, 41, 46, 52, 55, 57, 67, 71, 72, 78, 90, 97, 102, 103, 108, 114]) 30
set([1, 69, 7, 8, 12, 13, 14, 81, 20, 78, 25, 88, 89, 94, 5, 33, 38, 39, 40, 106, 44, 45, 111, 112, 113, 116, 53, 54, 104, 117]) 30
set([1, 5, 8, 13, 24, 25, 33, 35, 38, 39, 40, 44, 45, 53, 54, 68, 69, 78, 88, 89, 93, 94, 104, 106, 107, 109, 111, 112, 113, 117]) 30
set([1, 4, 9, 14, 16, 17, 18, 23, 27, 28, 29, 30, 32, 41, 46, 52, 55, 57, 65, 67, 71, 72, 78, 90, 97, 102, 103, 106, 108, 114]) 30
set([1, 4, 9, 14, 16, 17, 18, 22, 23, 27, 28, 29, 30, 38, 41, 46, 52, 55, 57, 67, 71, 72, 78, 90, 97, 102, 103, 106, 108, 114]) 30
set([1, 9, 14, 16, 17, 18, 23, 27, 28, 29, 30, 32, 41, 46, 52, 55, 57, 65, 67, 71, 72, 77, 78, 90, 97, 102, 103, 106, 108, 114]) 30
set([1, 9, 16, 17, 22, 23, 24, 27, 28, 29, 30, 38, 41, 44, 46, 52, 55, 57, 67, 72, 77, 78, 79, 90, 97, 102, 103, 106, 108, 114]) 30
set([1, 9, 12, 14, 16, 18, 23, 27, 28, 29, 30, 32, 38, 41, 46, 48, 52, 55, 57, 71, 72, 77, 80, 90, 97, 102, 103, 106, 108, 114]) 30
set([2, 3, 5, 6, 8, 12, 20, 21, 39, 44, 46, 50, 53, 54, 60, 63, 65, 66, 67, 68, 70, 76, 81, 86, 88, 92, 100, 110, 111, 115]) 30
set([2, 3, 5, 6, 8, 12, 20, 21, 39, 44, 50, 53, 54, 60, 63, 65, 66, 67, 68, 70, 76, 81, 86, 88, 92, 100, 110, 111, 115, 117]) 30
set([2, 3, 5, 6, 8, 12, 20, 21, 39, 44, 46, 47, 50, 53, 60, 63, 65, 66, 67, 68, 70, 76, 81, 85, 86, 88, 100, 110, 111, 115]) 30
set([2, 6, 17, 21, 28, 29, 30, 41, 42, 51, 55, 59, 60, 62, 67, 72, 77, 83, 84, 88, 90, 91, 92, 99, 101, 103, 107, 115, 117, 119]) 30
set([3, 5, 6, 8, 12, 13, 37, 39, 43, 44, 47, 50, 53, 60, 63, 65, 66, 67, 68, 70, 76, 81, 85, 86, 95, 100, 110, 111, 114, 117]) 30
set([3, 5, 6, 8, 13, 37, 39, 43, 44, 47, 50, 53, 60, 63, 65, 66, 67, 68, 70, 76, 81, 85, 86, 95, 98, 100, 110, 111, 114, 117]) 30
set([3, 5, 6, 8, 9, 12, 21, 33, 37, 39, 43, 44, 46, 47, 50, 53, 63, 65, 66, 67, 68, 70, 76, 81, 85, 86, 95, 100, 111, 114]) 30
set([3, 5, 6, 8, 12, 20, 21, 39, 43, 44, 47, 50, 53, 60, 63, 65, 66, 67, 68, 70, 76, 81, 85, 86, 100, 110, 111, 114, 115, 117]) 30
set([3, 5, 6, 8, 12, 20, 21, 39, 43, 44, 46, 47, 50, 53, 60, 63, 65, 66, 67, 68, 70, 76, 81, 86, 88, 100, 110, 111, 113, 115]) 30
set([3, 5, 6, 8, 12, 21, 39, 43, 44, 50, 53, 54, 60, 63, 65, 66, 67, 68, 70, 76, 81, 86, 88, 92, 95, 100, 110, 111, 115, 117]) 30
set([3, 4, 5, 10, 18, 19, 33, 36, 37, 40, 42, 48, 49, 50, 54, 55, 56, 63, 64, 70, 81, 87, 89, 92, 96, 105, 107, 109, 112, 116]) 30
set([3, 4, 5, 10, 18, 19, 33, 36, 37, 40, 42, 48, 49, 50, 54, 55, 56, 62, 63, 64, 70, 87, 89, 92, 96, 105, 107, 109, 112, 116]) 30
set([3, 4, 5, 10, 18, 19, 33, 36, 37, 40, 42, 48, 49, 50, 54, 56, 61, 62, 63, 64, 70, 87, 89, 92, 96, 105, 107, 109, 112, 116]) 30
set([65, 66, 67, 68, 5, 6, 8, 76, 12, 81, 20, 21, 86, 88, 47, 94, 100, 70, 39, 43, 44, 110, 46, 111, 50, 115, 53, 60, 85, 63]) 30
set([5, 6, 8, 12, 20, 21, 39, 43, 44, 46, 50, 53, 54, 60, 63, 65, 66, 67, 68, 70, 76, 81, 86, 88, 92, 94, 100, 110, 111, 115]) 30
set([5, 6, 8, 12, 13, 24, 38, 39, 40, 43, 44, 50, 53, 54, 60, 63, 67, 68, 70, 76, 78, 88, 93, 94, 95, 100, 110, 111, 113, 117]) 30
set([67, 68, 5, 6, 8, 76, 12, 88, 21, 86, 24, 81, 94, 95, 100, 70, 38, 39, 92, 43, 44, 110, 46, 111, 50, 115, 53, 54, 60, 63]) 30
set([67, 68, 6, 8, 76, 12, 78, 79, 88, 21, 24, 81, 94, 95, 100, 70, 38, 39, 40, 43, 44, 110, 46, 111, 113, 50, 53, 54, 60, 63]) 30
set([6, 8, 12, 21, 24, 38, 39, 40, 43, 44, 46, 50, 53, 54, 60, 63, 67, 68, 70, 76, 78, 79, 81, 88, 92, 94, 95, 100, 110, 111]) 30
set([5, 6, 8, 12, 21, 24, 37, 40, 43, 44, 50, 54, 56, 60, 63, 67, 68, 70, 76, 81, 84, 92, 94, 95, 99, 100, 105, 110, 111, 117]) 30
set([5, 6, 8, 12, 21, 24, 39, 43, 44, 46, 50, 53, 54, 60, 63, 66, 67, 68, 70, 76, 81, 86, 88, 92, 94, 95, 100, 110, 111, 115]) 30
set([5, 6, 8, 12, 13, 24, 38, 39, 40, 43, 44, 47, 50, 53, 60, 63, 67, 68, 70, 76, 78, 81, 88, 94, 95, 100, 110, 111, 113, 117]) 30
set([5, 6, 8, 12, 13, 24, 38, 39, 40, 43, 44, 47, 50, 53, 60, 63, 67, 68, 70, 76, 78, 88, 93, 94, 95, 100, 110, 111, 113, 117]) 30
set([5, 6, 8, 12, 21, 24, 38, 39, 40, 43, 44, 47, 50, 53, 60, 63, 67, 68, 70, 76, 78, 81, 88, 94, 95, 100, 110, 111, 113, 117]) 30
set([65, 66, 67, 68, 5, 6, 8, 76, 12, 81, 110, 86, 88, 111, 94, 95, 100, 70, 39, 43, 44, 21, 46, 47, 50, 115, 53, 63, 60, 85]) 30
set([5, 6, 8, 12, 21, 24, 39, 43, 44, 47, 50, 53, 60, 63, 66, 67, 68, 70, 76, 81, 86, 88, 94, 95, 100, 110, 111, 113, 115, 117]) 30
set([5, 7, 13, 17, 24, 25, 27, 35, 38, 40, 44, 45, 47, 53, 55, 68, 69, 78, 88, 89, 93, 94, 95, 104, 106, 107, 111, 112, 113, 117]) 30
set([68, 5, 7, 8, 13, 78, 24, 25, 88, 89, 47, 93, 94, 95, 33, 35, 38, 39, 104, 106, 107, 44, 45, 111, 112, 113, 69, 117, 40, 53]) 30
set([68, 5, 7, 47, 13, 78, 88, 40, 89, 24, 25, 27, 93, 94, 95, 33, 35, 38, 104, 106, 107, 44, 45, 111, 112, 113, 69, 117, 55, 53]) 30
set([7, 12, 13, 24, 25, 27, 29, 38, 41, 44, 45, 47, 51, 55, 71, 72, 80, 81, 84, 86, 88, 89, 94, 103, 104, 106, 112, 113, 116, 117]) 30
set([5, 7, 13, 22, 24, 25, 27, 29, 36, 38, 41, 44, 45, 47, 55, 81, 84, 86, 88, 89, 94, 95, 103, 104, 106, 107, 112, 113, 116, 117]) 30
set([5, 7, 13, 17, 22, 24, 25, 27, 35, 38, 44, 45, 47, 55, 69, 78, 84, 88, 89, 94, 95, 103, 104, 106, 107, 111, 112, 113, 116, 117]) 30
set([7, 13, 17, 22, 24, 25, 27, 29, 38, 41, 44, 45, 47, 51, 55, 71, 72, 80, 84, 86, 88, 89, 94, 103, 104, 106, 112, 113, 116, 117]) 30
set([7, 13, 22, 24, 25, 27, 29, 36, 38, 44, 45, 47, 51, 55, 81, 84, 86, 88, 89, 94, 95, 103, 104, 106, 107, 111, 112, 113, 116, 117]) 30
set([7, 13, 22, 24, 25, 27, 29, 36, 38, 41, 44, 45, 47, 51, 55, 71, 80, 81, 84, 86, 88, 89, 94, 103, 104, 106, 112, 113, 116, 117]) 30
set([69, 81, 7, 111, 13, 77, 88, 84, 22, 89, 24, 25, 27, 29, 95, 36, 38, 103, 104, 106, 107, 44, 45, 47, 112, 113, 51, 116, 117, 55]) 30
set([7, 13, 17, 22, 24, 25, 27, 35, 38, 41, 44, 45, 47, 51, 55, 71, 72, 80, 84, 86, 88, 89, 94, 103, 104, 106, 112, 113, 116, 117]) 30
set([69, 7, 111, 13, 78, 77, 17, 84, 22, 25, 24, 89, 27, 95, 35, 38, 103, 104, 106, 107, 44, 45, 47, 112, 113, 51, 116, 117, 55, 88]) 30
set([4, 18, 19, 24, 28, 31, 36, 37, 40, 42, 48, 50, 51, 54, 55, 56, 60, 63, 81, 82, 83, 87, 89, 91, 92, 104, 105, 107, 109, 117]) 30
set([4, 8, 15, 19, 22, 24, 25, 36, 39, 42, 50, 51, 54, 60, 66, 81, 82, 86, 87, 89, 94, 96, 104, 105, 107, 109, 110, 113, 115, 116]) 30
set([5, 8, 19, 21, 24, 34, 36, 42, 43, 50, 53, 54, 60, 63, 66, 70, 81, 83, 86, 88, 92, 94, 95, 107, 109, 110, 111, 115, 116, 117]) 30
